<?xml version="1.0"?>
<opencv_storage>
<calibration_time>"Fri May  5 13:43:33 2017"</calibration_time>
<x3>
  4.7520267487577691e+01 8.7771057554618537e+00</x3>
<e0>
  -9.9962821316416728e-01 2.7266012657044189e-02</e0>
<e1>
  -2.3028484928940045e-02 9.9973480927787928e-01</e1>
</opencv_storage>
