<?xml version="1.0"?>
<opencv_storage>
<calibration_time>"05/03/17 15:13:45"</calibration_time>
<nr_of_frames>20</nr_of_frames>
<image_width>1280</image_width>
<image_height>720</image_height>
<board_width>7</board_width>
<board_height>4</board_height>
<square_size>48.</square_size>
<fix_aspect_ratio>1.</fix_aspect_ratio>
<!-- flags: +fix_aspectRatio +fix_principal_point +zero_tangent_dist +fix_k4 +fix_k5 -->
<flags>6158</flags>
<fisheye_model>0</fisheye_model>
<camera_matrix type_id="opencv-matrix">
  <rows>3</rows>
  <cols>3</cols>
  <dt>d</dt>
  <data>
    7.7613298342081021e+002 0. 640. 0. 7.7613298342081021e+002 360. 0.
    0. 1.</data></camera_matrix>
<distortion_coefficients type_id="opencv-matrix">
  <rows>5</rows>
  <cols>1</cols>
  <dt>d</dt>
  <data>
    2.0114151847349538e-003 -3.6950895286341164e-002 0. 0.
    -2.1346384810202460e-002</data></distortion_coefficients>
<avg_reprojection_error>2.6681953300740890e-001</avg_reprojection_error>
<per_view_reprojection_errors type_id="opencv-matrix">
  <rows>20</rows>
  <cols>1</cols>
  <dt>f</dt>
  <data>
    1.34833008e-001 2.64813274e-001 3.36208493e-001 2.67467320e-001
    1.82364389e-001 1.80106595e-001 3.59731972e-001 2.70445734e-001
    2.19438955e-001 2.66744018e-001 2.30689839e-001 2.69906521e-001
    3.35694551e-001 2.76328474e-001 2.00586855e-001 3.37654203e-001
    1.44034430e-001 4.41318274e-001 1.96435452e-001 1.99919239e-001</data></per_view_reprojection_errors>
<!-- a set of 6-tuples (rotation vector + translation vector) for each view -->
<extrinsic_parameters type_id="opencv-matrix">
  <rows>20</rows>
  <cols>6</cols>
  <dt>d</dt>
  <data>
    -2.2251230127523527e-001 4.4110696075505218e-002
    -4.8598033723423108e-003 1.2271425832912375e+002
    7.8009776762981957e+000 2.3565150585601882e+003
    -2.1020068577483059e-001 5.7150652107032900e-002
    4.4376778982064241e-002 8.5021973167530336e+002
    -5.5309779038317947e+002 2.4167192056978474e+003
    -1.8794802352368434e-001 4.3875431277672718e-002
    -3.9007734415370254e-002 8.7160503591194265e+002
    4.2003797088793999e+002 2.2658506165383856e+003
    -2.5991477425346360e-001 5.3208769695176877e-002
    2.8089120793239536e-001 -1.5070852431826316e+002
    2.8494168503335766e+002 2.3249779199284940e+003
    -1.2657249639018636e-001 2.2462411252671824e-001
    1.0355072153757516e-001 -8.8720097297998109e+002
    3.3734669249006538e+002 2.2605598008263200e+003
    -1.4541639963302155e-001 1.2736084425937991e-001
    1.6943726290982970e+000 -8.6334115196120820e+002
    -4.1649249948694194e+002 2.4669565273844819e+003
    2.4792456989972864e-001 -3.0600518374987073e-001
    7.8557773948427267e-001 -5.7766112729991823e+002
    -5.2209678491946056e+002 1.1831703119240583e+003
    3.3792615892293099e-001 2.1622529243434946e-001
    -3.0315954657141861e+000 5.9172144123269925e+002
    -4.3285159299661029e+002 1.5411449108248728e+003
    1.4683414037500289e-001 3.0708763832126829e-001
    -1.5694084054285853e+000 8.8670084814457005e+002
    -1.5756222294253988e+002 1.5250177868023977e+003
    1.9161412529911931e-001 3.9291636465399779e-002
    7.6959676462039411e-002 7.4379458450219261e+002
    1.1020112875798817e+002 1.2731397391126313e+003
    1.6188771886155773e-001 1.2685723726609979e-001
    1.2025187096496870e-001 8.1097299920303627e+001
    2.1575778652160702e+002 1.2389697849823799e+003
    9.8282896487663252e-002 -7.3464414670273365e-003
    1.6655487708849387e-001 -7.2096363571165045e+002
    3.1994855501273696e+002 1.2072399202168313e+003
    4.1400649455879540e-002 1.6413345826986117e-001
    1.4277984212438404e+000 -8.9309955944043020e+002
    -2.4780736106820979e+002 1.2983284591149647e+003
    6.8367475332112038e-001 -6.5500897067097541e-001
    5.0213348008190897e-002 -6.5498832441552292e+002
    -1.8467981990090098e+002 1.2321489663810205e+003
    3.9856486621849857e-001 -1.0472829742132548e-002
    -1.6778222355934045e+000 -6.8146138834077988e+001
    7.7154724015732171e+001 1.7191448127391966e+003
    -8.6948945467845384e-001 7.7365450177663816e-002
    -1.8586232614269400e+000 1.0740683255523626e+002
    1.2947107604721080e+002 1.1539151232549611e+003
    3.1290121237895663e-001 8.1168817337789101e-001
    -2.2645425663812975e+000 6.4423756977612288e+002
    -3.3472306030993735e+002 1.4970665195264114e+003
    1.6048316936832485e-001 -6.2327448255693330e-001
    -2.0307956326129029e+000 6.3219853463369589e+002
    3.2382259066020686e+002 1.3145039534246575e+003
    1.0029935716592432e-001 -4.8097913760338867e-001
    -1.7691866815515638e+000 -2.1537688721594986e+002
    3.0009896596261615e+002 1.3902123040636018e+003
    7.3931817981961345e-001 4.6396638497827025e-001
    -2.6275643796352384e+000 1.2364058169033500e+002
    -2.9146456086878294e+002 1.7510512135665222e+003</data></extrinsic_parameters>
